Node Displacements: 
 

 u1 = 0.0 m 
 v2 = 0.0 m 
 theta3 = 0.0 rad 

 u4 = 0.0 m 
 v5 = -0.0010438268527902918 m 
 theta6 = -0.0033836792172321434 rad 

 u7 = 0.0 m 
 v8 = -0.003322016445524895 m 
 theta9 = -0.004584451906436694 rad 

 u10 = 0.0 m 
 v11 = -0.005789606844700196 m 
 theta12 = -0.004163664912438953 rad 

 u13 = 0.0 m 
 v14 = -0.007702779233806572 m 
 theta15 = -0.002655037270402887 rad 

 u16 = 0.0 m 
 v17 = -0.008603662618084665 m 
 theta18 = -0.0005646602060851412 rad 

 u19 = 0.0 m 
 v20 = -0.00830513852941778 m 
 theta21 = 0.0016290028639239936 rad 

 u22 = 0.0 m 
 v23 = -0.006875645731353172 m 
 theta24 = 0.0034751163319728462 rad 

 u25 = 0.0 m 
 v26 = -0.004623984924244961 m 
 theta27 = 0.0045504723991337545 rad 

 u28 = 0.0 m 
 v29 = -0.0020841234505115215 m 
 theta30 = 0.00445949107500156 rad 

 u31 = 0.0 m 
 v32 = 0.0 m 
 theta33 = 0.002834220177505376 rad 

 u34 = 0.0 m 
 v35 = 0.0005760486459750486 m 
 theta36 = 0.0018129216264571061 rad 

 u37 = 0.0 m 
 v38 = 0.0009245987767175587 m 
 theta39 = 0.00100931795012109 rad 

 u40 = 0.0 m 
 v41 = 0.0010964376728178514 m 
 theta42 = 0.0003945142080163564 rad 

 u43 = 0.0 m 
 v44 = 0.0011352763029117174 m 
 theta45 = -5.92051550123814e-05 rad 

 u46 = 0.0 m 
 v47 = 0.0010780441700118505 m 
 theta48 = -0.00037837630879462164 rad 

 u49 = 0.0 m 
 v50 = 0.0009551841578392805 m 
 theta51 = -0.0005883560378341468 rad 

 u52 = 0.0 m 
 v53 = 0.0007909473771548279 m 
 theta54 = -0.0007133217413088792 rad 

 u55 = 0.0 m 
 v56 = 0.0006036880120905415 m 
 theta57 = -0.0007762714330710228 rad 

 u58 = 0.0 m 
 v59 = 0.0004061581664811459 m 
 theta60 = -0.0007990237416470345 rad 

 u61 = 0.0 m 
 v62 = 0.00020580271019545815 m 
 theta63 = -0.0008022179102376199 rad 

 Bar element forces 1 
N = 0.0 kN 
V = -203.024 kN 
M(L/2) = -152.824 kN.m 

 Bar element forces 2 
N = 0.0 kN 
V = -155.792 kN 
M(L/2) = -54.233 kN.m 

 Bar element forces 3 
N = 0.0 kN 
V = -110.830 kN 
M(L/2) = 19.005 kN.m 

 Bar element forces 4 
N = 0.0 kN 
V = -68.136 kN 
M(L/2) = 68.137 kN.m 

 Bar element forces 5 
N = 0.0 kN 
V = -27.711 kN 
M(L/2) = 94.412 kN.m 

 Bar element forces 6 
N = 0.0 kN 
V = 10.445 kN 
M(L/2) = 99.077 kN.m 

 Bar element forces 7 
N = 0.0 kN 
V = 46.333 kN 
M(L/2) = 83.380 kN.m 

 Bar element forces 8 
N = 0.0 kN 
V = 79.951 kN 
M(L/2) = 48.569 kN.m 

 Bar element forces 9 
N = 0.0 kN 
V = 111.301 kN 
M(L/2) = -4.109 kN.m 

 Bar element forces 10 
N = 0.0 kN 
V = 140.383 kN 
M(L/2) = -73.406 kN.m 

 Bar element forces 11 
N = 0.0 kN 
V = -92.414 kN 
M(L/2) = -101.479 kN.m 

 Bar element forces 12 
N = 0.0 kN 
V = -80.695 kN 
M(L/2) = -79.849 kN.m 

 Bar element forces 13 
N = 0.0 kN 
V = -69.445 kN 
M(L/2) = -61.089 kN.m 

 Bar element forces 14 
N = 0.0 kN 
V = -58.664 kN 
M(L/2) = -45.083 kN.m 

 Bar element forces 15 
N = 0.0 kN 
V = -48.352 kN 
M(L/2) = -31.714 kN.m 

 Bar element forces 16 
N = 0.0 kN 
V = -38.508 kN 
M(L/2) = -20.864 kN.m 

 Bar element forces 17 
N = 0.0 kN 
V = -29.133 kN 
M(L/2) = -12.417 kN.m 

 Bar element forces 18 
N = 0.0 kN 
V = -20.227 kN 
M(L/2) = -6.255 kN.m 

 Bar element forces 19 
N = 0.0 kN 
V = -11.789 kN 
M(L/2) = -2.261 kN.m 

 Bar element forces 20 
N = 0.0 kN 
V = -3.820 kN 
M(L/2) = -0.317 kN.m 
